    #         X           Y           Z       CHARGE      MIN DIST   ATOMIC VOL
 --------------------------------------------------------------------------------
    1   10.025352    0.067069   25.036430   10.984113     1.066316    11.841710
    2    2.337184    2.657294   24.957693   10.935611     1.073055    11.670888
    3    9.841424    0.200286    2.160791   11.065419     1.047833    16.275480
    4    2.279930    2.656374    2.179815   11.144295     1.047251    16.377805
    5    2.353848    0.075043   25.076592   10.990380     1.068992    11.823951
    6   10.018604    2.830691   25.019784   10.972654     1.086676    11.852704
    7    2.205295    0.161742    2.233980   11.019070     1.112944    16.096201
    8    9.985581    2.763725    2.213635   11.086385     1.080340    18.691517
    9    3.593292    1.333401   23.241584   11.027407     1.084650    16.392181
   10    1.036192    3.925671   23.114230   10.837912     0.968740    14.522437
   11    3.483692    1.554033    0.402671   10.985074     1.055156    11.633679
   12    1.109293    3.991411    0.563581   10.982338     0.996207    11.741077
   13    1.039566    1.409978   23.170244   11.046226     1.120777    20.729546
   14    1.042531    1.401390    0.340580   10.978976     1.114139    11.644672
   15    3.660974    3.911562    0.373871   10.978477     1.035587    11.752916
   16    4.885695    0.157550   24.971961   10.985170     1.077337    12.136844
   17    7.472035    2.611082   25.129172   10.989970     1.066473    11.837482
   18    4.893874    0.262550    2.261987   11.088890     1.104787    16.747356
   19    7.407727    2.778447    2.340989   10.999520     1.135510    16.886889
   20    7.487882    0.114814   24.918852   10.987838     1.026231    11.846784
   21    4.853183    2.752785   25.076856   10.981901     1.062803    11.732620
   22    7.434104    0.216338    2.306641   11.001877     1.108871    15.604030
   23    4.764644    2.636846    2.301092   11.068592     1.118130    16.623890
   24    8.796746    1.392393   23.435521   11.140839     1.040195    17.647133
   25    6.262854    3.988241   23.312395   11.108313     1.121149    15.204035
   26    8.801244    1.525406    0.425394   10.995030     1.048198    11.955028
   27    6.211837    4.006031    0.441512   10.974293     1.111336    12.385466
   28    6.256618    1.455781   23.255852   11.048302     1.083773    17.036570
   29    8.683874    4.024945   23.177378   10.994438     1.108275    18.395538
   30    6.125854    1.432368    0.378891   10.955362     1.061557    12.156294
   31    8.755748    4.078825    0.482994   10.974274     1.058411    11.779132
   32    9.974028    5.231263   24.961920   11.009952     1.040182    11.874691
   33    2.259073    7.731211   25.158500   10.996137     1.061461    11.880610
   34   10.097942    5.304875    2.352879   10.966051     1.109584    16.771880
   35    2.481136    7.755851    2.257760   11.006565     1.107996    16.972300
   36    2.371638    5.239647   24.987285   10.970472     1.097236    12.152065
   37   10.008891    7.813616   25.044621   10.954388     1.079530    11.653129
   38    2.344749    5.142928    2.112439   11.064437     0.998908    14.556263
   39   10.049991    7.776401    2.163962   11.067394     1.052028    15.592191
   40    3.656782    6.558632   23.136953   11.062503     1.109992    17.923662
   41    1.170330    9.056126   23.296806   11.047860     1.098058    17.257286
   42    3.640322    6.484713    0.431207   10.979111     1.079420    11.968558
   43    0.988242    9.079846    0.464763   10.997831     1.063395    11.722473
   44    1.178100    6.532459   23.203008   11.007854     1.113773    16.132565
   45    3.715979    8.941312   23.301562   11.090337     1.102744    16.320300
   46    1.018505    6.508535    0.421695   10.986632     1.062197    11.744460
   47    3.618749    9.125035    0.435699   10.964301     1.088582    12.092024
   48    4.876187    5.300479   25.016878   10.956684     1.085223    11.563489
   49    7.476738    7.850115   25.038544   11.012783     1.060792    12.060735
   50    7.416519    7.711990    2.199103   11.070281     1.060906    16.888580
   51    7.595335    5.337694   25.072100   10.961609     1.076106    11.704714
   52    4.954809    7.717204   25.149781   10.965454     1.028926    11.707251
   53    7.522439    5.206214    2.234244   11.045683     1.059090    16.787947
   54    4.879050    7.897452    2.223940   11.120178     1.070308    16.251802
   55    8.922398    6.517123   23.235507   11.078368     1.056642    16.990059
   56    6.235557    9.036190   23.343044   11.077604     1.054569    15.900009
   57    8.760144    6.625394    0.514701   10.984366     1.039117    11.659048
   58    6.173804    9.120741    0.567016   10.989247     1.068916    12.171516
   59    6.236681    6.441568   23.296013   11.028252     1.094694    16.330448
   60    8.765972    9.002553   22.953320   10.876691     1.116858    16.533405
   61    6.180552    6.506388    0.360396   10.985297     1.051786    12.019298
   62    8.751658    9.198750    0.425130   11.000291     1.039681    11.863697
   63    3.704528    3.886309   23.013826   11.072049     1.241634    22.387876
   64    4.819955    5.304977    2.775631   10.944481     1.243702    22.272021
   65    7.604128    9.657291    5.125075    8.088577     1.206154    25.380650
   66    8.748080    6.423267    4.924004    8.104176     1.030956    22.991674
   67    3.546773    9.533787   15.730602    7.991364     1.024653    26.921434
   68    6.429095    1.959206    4.936422    8.082965     1.084135    23.216618
   69    2.841937    0.910336    5.075666    8.088679     1.269498    25.112577
   70    6.889886    3.475819   12.828145    7.996860     1.016089    25.304541
   71    4.346180    5.903484   15.206918    8.014353     1.010742    26.238144
   72    7.788771    9.477555   20.633997    8.037378     1.120695    23.244525
   73    9.998974    4.665472   16.734374    8.007454     0.961085    29.806809
   74    4.373273    7.545443   11.217460    8.004701     1.090555    26.507908
   75    0.648093    3.716388   14.439095    8.023793     0.964740    26.532432
   76   10.196500   10.074631   19.430475    8.020004     1.088998    28.142560
   77    7.798382    5.700131   18.823825    8.001620     0.935388    23.927814
   78    7.733358    3.686125    8.259781    8.028877     0.996889    25.549781
   79    7.342907    7.457926   16.941786    7.988754     0.983393    26.065631
   80    0.026582    3.194764   10.235090    7.975154     0.998960    26.702409
   81    5.009200    8.287800   17.837492    7.998372     1.035345    23.670735
   82    7.231262    6.094978    8.954152    7.970223     0.918845    25.295239
   83    8.403126    3.945607    5.771622    8.027088     0.994824    25.171773
   84    6.241589    0.896432   11.856872    7.998591     1.024488    28.875743
   85    4.592576    8.526630    8.743568    8.028961     1.019371    24.907083
   86    3.865759    0.575299   20.427641    8.057975     0.934251    24.129080
   87    1.083427    4.664450   20.989108    8.014114     1.045615    22.256800
   88    3.435435    2.315100   12.049753    7.978864     0.953939    27.989496
   89    1.020039    5.560779    9.480742    7.985928     0.946707    26.997543
   90    5.577035    3.539514   15.172834    8.008403     1.024868    26.944266
   91    7.306715    2.609855   20.338599    8.068465     0.948073    25.405174
   92    3.431959    4.733972   19.648985    8.022102     0.977486    25.924406
   93    7.886614    9.415087   10.356631    7.960504     0.922109    24.732032
   94    4.432674    1.629281   16.834249    8.013708     1.031636    26.552728
   95    1.830385    7.013186    5.463277    8.037230     1.132229    23.496530
   96    0.255189    9.426027   11.063684    8.007698     1.035222    28.269408
   97    0.513342    9.335136    7.485353    8.006289     0.994315    25.215747
   98    1.637767    7.019014   11.550642    8.021446     1.028535    28.578072
   99    6.944584    9.623144    8.117103    7.994405     0.948374    22.852141
  100    2.663019    3.277476    7.794490    8.013947     1.360511    29.266436
  101    5.588486    7.914219   20.312969    8.057669     1.029472    24.267768
  102   10.036496    0.307637   13.747367    7.987623     0.999000    29.817803
  103    7.996112    1.391882   15.181024    7.981707     0.993042    29.986934
  104    2.844187    0.189347    8.289374    7.981337     0.981275    23.563337
  105    2.701154    2.276147   18.913660    7.994741     0.982182    29.471084
  106    9.474795    6.914526    7.547444    7.997891     1.051223    26.657589
  107    3.242714    6.196501    7.843635    7.989080     1.087366    27.263079
  108    1.769246    1.229526   10.452807    8.007341     0.965139    24.346414
  109    7.491972    3.519169   16.982741    8.036773     1.087885    27.745948
  110    9.338306    4.385337   12.591140    7.994217     0.872849    29.112526
  111    8.375214   10.042324   17.287650    8.027775     1.105174    28.884200
  112    9.701050    6.891215   20.110841    8.062459     1.128866    24.743872
  113    4.904916    4.817911    5.340150    7.999951     1.122148    25.734134
  114    1.950925    6.038235   14.024005    8.022092     1.024198    28.010638
  115    5.643491    2.824352    9.544948    8.025747     1.109889    27.542145
  116    6.278395    7.006950    6.352641    8.004308     1.065294    23.052561
  117    0.424599    7.184743   17.410777    7.985165     1.055371    26.169646
  118    2.154789    1.691749   14.312533    7.999433     1.029167    29.880381
  119    9.374396    1.387383    8.309191    8.022402     1.189881    27.528614
  120    4.373478    8.584498    5.268547    8.062001     1.035623    24.359944
  121    5.899599    4.853490   20.495017    8.054570     0.983175    22.102890
  122    7.528880    6.846844   11.617225    7.993268     1.072227    30.079956
  123    5.005928    9.266227   13.353679    8.009869     1.107218    30.666841
  124    0.968510    8.599220   15.128973    8.010090     1.065789    31.499811
  125    2.267968    8.629381   20.117447    8.050202     1.063625    27.773009
  126    6.621202    6.995806   14.293245    7.999518     1.083789    30.854576
  127    5.001430    1.206420    7.152700    7.987673     1.044515    23.427186
  128    4.789693    4.748899   11.368858    7.997731     1.100278    28.313382
  129    0.235661    9.263774    4.797443    8.063537     1.062893    22.554470
  130    2.147939    4.492075    5.060077    8.064456     1.031106    23.532893
  131    3.252120    6.350064   17.488458    7.975746     0.936209    26.656744
  132    6.288721    1.061036   18.540053    7.989560     0.946938    22.958693
  133    7.286880    0.392598    4.963637    0.000000     0.000000     0.000000
  134    7.292606    9.275838    4.255263    0.000000     0.000000     0.000000
  135    9.510476    6.687249    5.452708    0.000000     0.000000     0.000000
  136    8.941210    6.851649    3.937406    0.000000     0.000000     0.000000
  137    2.632041    9.237396   15.573655    0.000000     0.000000     0.000000
  138    3.931499    9.268579   14.883777    0.000000     0.000000     0.000000
  139    5.960125    1.915652    5.806763    0.000000     0.000000     0.000000
  140    5.753091    1.810959    4.209553    0.000000     0.000000     0.000000
  141    3.160310    1.217360    4.184716    0.000000     0.000000     0.000000
  142    3.444534    0.172273    5.250051    0.000000     0.000000     0.000000
  143    6.153970    3.943460   12.386105    0.000000     0.000000     0.000000
  144    6.624780    3.456803   13.782772    0.000000     0.000000     0.000000
  145    3.502197    6.038338   14.654962    0.000000     0.000000     0.000000
  146    3.926182    6.141088   16.136708    0.000000     0.000000     0.000000
  147    7.008074    8.822612   20.383516    0.000000     0.000000     0.000000
  148    7.306203   10.138019   21.175648    0.000000     0.000000     0.000000
  149   10.071155    5.564869   17.026337    0.000000     0.000000     0.000000
  150    9.113993    4.329822   16.675717    0.000000     0.000000     0.000000
  151    4.761986    6.670584   11.083765    0.000000     0.000000     0.000000
  152    4.410590    7.952149   10.314885    0.000000     0.000000     0.000000
  153    0.057152    4.048255   13.647227    0.000000     0.000000     0.000000
  154    0.401697    4.076985   15.370999    0.000000     0.000000     0.000000
  155    9.709127   10.022285   18.627246    0.000000     0.000000     0.000000
  156    9.615885    9.743683   20.113747    0.000000     0.000000     0.000000
  157    7.001020    5.576115   19.460860    0.000000     0.000000     0.000000
  158    7.364889    6.316428   18.173580    0.000000     0.000000     0.000000
  159    7.474284    4.643082    8.666416    0.000000     0.000000     0.000000
  160    7.842651    3.940802    7.304362    0.000000     0.000000     0.000000
  161    7.833450    8.295979   17.102696    0.000000     0.000000     0.000000
  162    7.151414    7.294650   15.999578    0.000000     0.000000     0.000000
  163    9.525812    3.049789    9.619458    0.000000     0.000000     0.000000
  164    0.538902    2.360187   10.251472    0.000000     0.000000     0.000000
  165    4.517328    8.774764   17.121192    0.000000     0.000000     0.000000
  166    5.853796    8.021263   17.443540    0.000000     0.000000     0.000000
  167    7.264694    6.408852    9.906929    0.000000     0.000000     0.000000
  168    6.524995    6.564868    8.453190    0.000000     0.000000     0.000000
  169    7.852160    3.346078    5.220723    0.000000     0.000000     0.000000
  170    8.542682    4.810243    5.244239    0.000000     0.000000     0.000000
  171    6.969633    0.298436   11.458693    0.000000     0.000000     0.000000
  172    6.692258    1.571311   12.442648    0.000000     0.000000     0.000000
  173    5.562108    8.937836    8.583451    0.000000     0.000000     0.000000
  174    3.980164    9.266841    8.531135    0.000000     0.000000     0.000000
  175    4.328697    0.524793   21.262576    0.000000     0.000000     0.000000
  176    3.384520    9.974028   20.299494    0.000000     0.000000     0.000000
  177    1.948369    4.754420   20.488411    0.000000     0.000000     0.000000
  178    0.586034    5.434412   20.750518    0.000000     0.000000     0.000000
  179    4.322256    1.926796   11.937724    0.000000     0.000000     0.000000
  180    3.049278    2.035885   12.893672    0.000000     0.000000     0.000000
  181    0.760045    4.625497    9.712727    0.000000     0.000000     0.000000
  182    1.871894    5.597687    8.949924    0.000000     0.000000     0.000000
  183    4.932418    4.355075   15.145619    0.000000     0.000000     0.000000
  184    5.153152    2.893670   15.804584    0.000000     0.000000     0.000000
  185    7.335342    2.239545   21.228227    0.000000     0.000000     0.000000
  186    6.628052    3.403741   20.425263    0.000000     0.000000     0.000000
  187    3.425415    5.292709   18.822769    0.000000     0.000000     0.000000
  188    3.066761    3.777731   19.375517    0.000000     0.000000     0.000000
  189    8.889272    9.478987   10.453600    0.000000     0.000000     0.000000
  190    7.740310    8.584498   10.792594    0.000000     0.000000     0.000000
  191    4.192719    0.746140   16.540436    0.000000     0.000000     0.000000
  192    5.305897    1.477047   17.321471    0.000000     0.000000     0.000000
  193    1.414068    7.589099    4.814353    0.000000     0.000000     0.000000
  194    1.808301    6.131784    5.032598    0.000000     0.000000     0.000000
  195    0.839996   10.222775   10.993666    0.000000     0.000000     0.000000
  196    0.768224    8.635106   11.289328    0.000000     0.000000     0.000000
  197    0.505674    9.332887    6.500869    0.000000     0.000000     0.000000
  198    0.065126    8.450667    7.772296    0.000000     0.000000     0.000000
  199    2.634392    7.111438   11.421966    0.000000     0.000000     0.000000
  200    1.398118    6.417747   10.734466    0.000000     0.000000     0.000000
  201    7.417439    9.230546    7.389705    0.000000     0.000000     0.000000
  202    7.565379    9.622837    8.973175    0.000000     0.000000     0.000000
  203    2.593906    2.933135    8.751231    0.000000     0.000000     0.000000
  204    3.005724    4.202227    7.953022    0.000000     0.000000     0.000000
  205    4.862896    8.276247   19.757579    0.000000     0.000000     0.000000
  206    5.141395    7.739595   21.196785    0.000000     0.000000     0.000000
  207    0.617115    0.774256   14.025854    0.000000     0.000000     0.000000
  208   10.146198    0.106022   12.791154    0.000000     0.000000     0.000000
  209    8.219811    2.285860   15.515791    0.000000     0.000000     0.000000
  210    8.642672    1.244453   14.503036    0.000000     0.000000     0.000000
  211    1.985686    9.948673    7.980237    0.000000     0.000000     0.000000
  212    3.256926    0.712708    7.548765    0.000000     0.000000     0.000000
  213    3.241999    1.807892   19.623884    0.000000     0.000000     0.000000
  214    3.209078    2.160003   18.111753    0.000000     0.000000     0.000000
  215    8.603412    6.796235    7.913125    0.000000     0.000000     0.000000
  216   10.096101    6.446067    8.239701    0.000000     0.000000     0.000000
  217    2.857682    6.675696    7.069206    0.000000     0.000000     0.000000
  218    4.018402    6.722725    8.166512    0.000000     0.000000     0.000000
  219    2.181985    0.924752    9.605982    0.000000     0.000000     0.000000
  220    2.489417    1.594519   10.991024    0.000000     0.000000     0.000000
  221    6.853796    3.704426   16.224693    0.000000     0.000000     0.000000
  222    7.311315    4.239033   17.689265    0.000000     0.000000     0.000000
  223    9.638684    3.953480   11.666106    0.000000     0.000000     0.000000
  224    8.414679    4.105407   12.742802    0.000000     0.000000     0.000000
  225    8.253243    0.306513   16.366579    0.000000     0.000000     0.000000
  226    7.710047    0.337900   17.869991    0.000000     0.000000     0.000000
  227    8.914116    6.571616   19.589799    0.000000     0.000000     0.000000
  228    9.290867    7.224821   20.921204    0.000000     0.000000     0.000000
  229    5.567629    4.066965    5.367101    0.000000     0.000000     0.000000
  230    5.330230    5.548204    5.908752    0.000000     0.000000     0.000000
  231    1.720478    6.242816   13.055374    0.000000     0.000000     0.000000
  232    1.549637    5.190470   14.159286    0.000000     0.000000     0.000000
  233    6.350167    2.991922    8.860882    0.000000     0.000000     0.000000
  234    6.011346    2.313975   10.279215    0.000000     0.000000     0.000000
  235    6.936200    7.021979    5.678352    0.000000     0.000000     0.000000
  236    5.722112    7.822613    6.143379    0.000000     0.000000     0.000000
  237    0.266946    7.768221   16.625779    0.000000     0.000000     0.000000
  238    0.060832    7.618850   18.159841    0.000000     0.000000     0.000000
  239    2.715570    1.397505   15.094889    0.000000     0.000000     0.000000
  240    1.754217    2.570084   14.510170    0.000000     0.000000     0.000000
  241    8.454143    1.513853    8.113932    0.000000     0.000000     0.000000
  242    9.673547    0.443717    8.211958    0.000000     0.000000     0.000000
  243    4.708924    8.644921    4.350911    0.000000     0.000000     0.000000
  244    3.710458    7.902972    5.097596    0.000000     0.000000     0.000000
  245    6.035679    5.061648   21.429035    0.000000     0.000000     0.000000
  246    4.913606    4.949288   20.224720    0.000000     0.000000     0.000000
  247    8.326549    6.362435   11.988190    0.000041     2.098764     0.040591
  248    6.923932    6.833246   12.428380    0.000000     0.000000     0.000000
  249    4.690521    8.741332   12.640021    0.000000     0.000000     0.000000
  250    5.476943   10.076165   12.991433    0.000000     0.000000     0.000000
  251    0.452408    9.086389   14.371190    0.000000     0.000000     0.000000
  252    1.105613    7.750330   14.759329    0.000000     0.000000     0.000000
  253    1.458235    9.140473   20.148360    0.000000     0.000000     0.000000
  254    2.232184    8.103463   20.980653    0.000000     0.000000     0.000000
  255    6.335342    7.911356   14.009209    0.000000     0.000000     0.000000
  256    5.846639    6.528983   14.656283    0.000000     0.000000     0.000000
  257    5.648194    0.573765    7.607422    0.000000     0.000000     0.000000
  258    4.796236    1.883958    7.835444    0.000000     0.000000     0.000000
  259    4.001226    4.184029   11.542715    0.000000     0.000000     0.000000
  260    5.249768    4.360391   10.614774    0.000000     0.000000     0.000000
  261    9.558835    9.614862    4.562815    0.000000     0.000000     0.000000
  262    0.821490    9.914729    4.256584    0.000000     0.000000     0.000000
  263    3.087925    4.432163    5.361024    0.000000     0.000000     0.000000
  264    2.160617    4.224004    4.112056    0.000000     0.000000     0.000000
  265    3.894692    7.034350   17.871841    0.000000     0.000000     0.000000
  266    2.352826    6.762905   17.484494    0.000000     0.000000     0.000000
  267    6.512624    1.657601   19.325051    0.000000     0.000000     0.000000
  268    5.636129    0.330948   18.704926    0.000000     0.000000     0.000000
  269    0.517329    2.422246    5.815482    8.121074     1.241763    23.948110
  270    0.058276    2.837337   19.265073    8.103871     1.226508    26.390362
 --------------------------------------------------------------------------------
    VACUUM CHARGE:               0.0000
    VACUUM VOLUME:               0.0000
    NUMBER OF ELECTRONS:      1266.0000
